0.160141;0.000725911;0.001427;-0.000137112;0.00128988
0.100227;0.000449219;0.000552415;-0.000110789;0.00173151
0.147445;0.000283203;0.000512233;-0.000198498;0.00204525
0.151977;3.25521e-05;6.06469e-05;-0.000192028;0.00191386
0.100148;3.25521e-05;3.99644e-05;-0.000117403;0.00183643
0.100349;3.90625e-05;4.80896e-05;-0.000113466;0.00177105
0.147667;2.60417e-05;4.71768e-05;-0.000161095;0.00165713
0.100759;0.000126953;0.000156869;-0.000109666;0.00170433
0.146993;0.000224609;0.000404955;-0.00018603;0.00192326
0.100064;0.00164388;0.00202236;-0.000236888;0.00370873
0.100206;0.00147461;0.00181619;-0.000332178;0.00519274
0.151697;0.000218099;0.000405799;-0.00050957;0.00508897
0.100537;2.27865e-05;2.81047e-05;-0.000308673;0.0048084
0.147807;1.95312e-05;3.54162e-05;-0.000429572;0.00441425
0.148108;0.0023112;0.00421331;-0.000766686;0.00786087
0.151552;0.00286133;0.00534241;-0.00120059;0.0120027
0.100382;0.00235677;0.00291212;-0.000898303;0.0140165
0.147577;0.00284831;0.00517854;-0.00169965;0.0174954
0.100241;0.000253906;0.000312184;-0.00107103;0.0167366
0.151781;0.000797526;0.00148612;-0.00165951;0.0165632
0.100146;0.000286458;0.000351881;-0.00101638;0.0158987
0.14783;6.83594e-05;0.000123932;-0.00142117;0.0146014
0.147936;0.000755208;0.0013715;-0.00141779;0.0145551
0.100217;0.0152702;0.0192579;-0.00203318;0.0317798
0.151864;0.0104199;0.0197485;-0.00469517;0.0468331
0.148234;0.0274837;0.0523573;-0.00882206;0.0903683
0.15184;0.0461719;0.093069;-0.0167118;0.166725
0.147831;0.0756348;0.156329;-0.0286545;0.2944
0.148093;0.097041;0.20875;-0.0447078;0.458442
0.152083;0.0811003;0.17413;-0.0577222;0.57485
0.100297;0.0250749;0.0321866;-0.0365305;0.570506
0.147601;0.076582;0.158307;-0.064544;0.664268
0.152598;0.213949;0.58872;-0.114722;1.13827
0.14753;0.304225;0.964857;-0.186164;1.91696
0.147986;0.286676;0.880858;-0.248423;2.54939
0.100082;0.190413;0.328659;-0.172825;2.70523
0.151789;0.184977;0.479303;-0.290026;2.89451
0.100202;0.174678;0.29308;-0.191641;2.99594
0.102811;0.223714;0.422555;-0.210876;3.20762
0.145629;0.380755;1.39167;-0.401876;4.19742
0.148116;0.3807;1.41507;-0.498781;5.1137
0.100054;0.190716;0.329277;-0.326757;5.11623
0.151453;0.115775;0.263449;-0.48886;4.89081
0.147752;0.0503939;0.0995764;-0.442403;4.54799
0.100036;0.0364876;0.0476456;-0.275836;4.3198
0.100116;0.055166;0.0744823;-0.263964;4.13031
0.151869;0.0961296;0.211716;-0.395653;3.94638
0.148226;0.245514;0.697218;-0.41298;4.23061
0.100457;0.323066;0.724444;-0.298662;4.6564
0.147695;0.331836;1.11347;-0.511308;5.25855
0.152267;0.188678;0.493857;-0.525542;5.22687
0.14741;0.112949;0.248882;-0.484309;4.99144
0.152004;0.178594;0.457907;-0.496995;4.95235
0.147903;0.291676;0.904606;-0.519757;5.3372
0.10029;0.248971;0.481593;-0.350139;5.46866
0.100034;0.140404;0.220717;-0.341478;5.3479
0.147715;0.026071;0.0493714;-0.478356;4.91891
0.10032;0.0153288;0.0193535;-0.297244;4.64102
0.152387;0.0519434;0.106145;-0.434043;4.31312
0.148793;0.0492546;0.0978159;-0.39379;4.01715
0.100211;0.117497;0.17746;-0.252207;3.9424
0.146297;0.299945;0.935344;-0.428159;4.44959
0.100326;0.319072;0.708858;-0.310516;4.84793
0.151807;0.252897;0.746133;-0.509529;5.08453
0.10023;0.116133;0.175;-0.316298;4.94324
0.100131;0.0420996;0.0555657;-0.300321;4.69848
0.147429;0.180983;0.452083;-0.455606;4.69496
0.100243;0.229782;0.428127;-0.308134;4.81495
0.147853;0.423734;1.71921;-0.579658;5.9545
0.100006;0.310501;0.675936;-0.397849;6.23259
0.151852;0.172676;0.437424;-0.607712;6.0623
0.100042;0.068405;0.0944643;-0.369563;5.7872
0.100017;0.106279;0.15699;-0.356711;5.58748
0.100012;0.1521;0.244255;-0.349947;5.48179
0.100338;0.273324;0.554668;-0.363413;5.67304
0.142885;0.733454;5.72589;-0.977242;10.4217
0.145595;0.898272;10.6147;-1.83768;19.1987
0.131852;0.0226758;0.0381065;-1.52185;17.715
0.160087;9.4401e-05;0.000185352;-1.70158;16.0136
0.159943;0.972738;15.188;-2.99428;28.2073
0.163259;0.918447;12.7897;-4.01588;36.9811
0.159858;0.45834;2.16295;-3.75449;35.3896
0.153616;0.318841;1.08409;-3.36177;33.1119
0.159172;0.909115;12.062;-4.31426;40.8597
0.16014;0.297874;1.01262;-4.02326;37.849
0.167689;0.146357;0.389928;-3.84736;34.3916
0.147698;0.105293;0.229273;-3.06805;31.5528
0.100105;0.0139062;0.0174772;-1.8962;29.6741
0.100015;0.0445703;0.0590122;-1.78426;27.9489
0.144829;0.0863216;0.178148;-2.44416;25.6828
0.103002;0.0654785;0.0926187;-1.59296;24.1825
0.152148;0.0767741;0.163648;-2.22253;22.1236
0.141256;0.0669824;0.130278;-1.8861;20.3678
0.151288;0.0403288;0.0801755;-1.85612;18.5919
0.104641;0.0138444;0.0181859;-1.16842;17.4416
0.143393;0.0347005;0.0647499;-1.50617;16.0002
0.105657;0.0801595;0.11937;-1.02189;15.0977
0.142295;0.087321;0.177374;-1.30414;13.9709
0.15264;0.0523698;0.107274;-1.28933;12.7889
0.147257;0.0232357;0.0436518;-1.13381;11.6987
0.102968;0.0180436;0.0234918;-0.724209;10.998
0.149096;0.071888;0.148865;-0.99717;10.1497
0.100162;0.0498372;0.0666928;-0.613973;9.6024
0.102955;0.0853711;0.125035;-0.600893;9.12654
0.14486;0.0848372;0.17466;-0.808421;8.49278
0.100122;0.0601107;0.0818706;-0.515106;8.05954
0.105557;0.0505013;0.0713043;-0.514959;7.61589
0.142215;0.0195345;0.0352168;-0.65286;6.99825
0.152332;0.0159049;0.0305224;-0.642423;6.38634
0.147572;0.0146159;0.0271122;-0.567868;5.84559
0.100041;0.00147786;0.00181719;-0.350987;5.49642
0.148126;0.0235807;0.0445879;-0.492461;5.04854
0.100034;0.0380924;0.0498789;-0.306008;4.79242
0.152154;0.0138932;0.0265388;-0.439933;4.37902
0.100006;0.00895182;0.0111445;-0.263425;4.12674
0.155374;0.0328255;0.0661536;-0.390879;3.80202
0.144498;0.00675456;0.0121047;-0.330681;3.48344
0.148168;0.00573568;0.0105215;-0.310617;3.18334
0.147879;0.0151107;0.0281121;-0.284943;2.92651
0.100004;0.0175293;0.0221456;-0.176926;2.77173
0.159231;0.0272103;0.0556555;-0.270125;2.55726
0.14065;0.022806;0.0408918;-0.219258;2.3789
0.15211;0.0141081;0.0269514;-0.219572;2.18628
0.148481;0.00801107;0.0147839;-0.19609;2.00497
0.10006;0.00444336;0.00549228;-0.1207;1.88976
0.147246;0.0175553;0.0326573;-0.169842;1.75258
0.100008;0.00329427;0.00406185;-0.105407;1.65123
0.100125;0.00307943;0.0038;-0.0994259;1.55561
0.152082;0.00207031;0.00387383;-0.142301;1.41718
0.100159;0.00494141;0.00611913;-0.0855334;1.33777
0.147716;0.00414062;0.00755179;-0.119235;1.22608
0.100615;0.0023763;0.00294319;-0.0741953;1.15483
0.14798;0.00521484;0.00954549;-0.103383;1.06099
0.100026;0.00150716;0.00185305;-0.0637873;0.99906
0.159209;0.000126953;0.000247869;-0.0954594;0.903848
0.140085;0.00185221;0.00319118;-0.0762377;0.830802
0.101291;0.000963542;0.00119854;-0.0505643;0.781436
0.146647;0.00206706;0.00372951;-0.0690854;0.71608
0.100038;0.000693359;0.000851388;-0.0430322;0.673899
0.152199;0.00102214;0.0019106;-0.0617144;0.614096
0.148189;0.00493164;0.00903547;-0.0554047;0.567726
0.101262;0.0102311;0.0129253;-0.0352787;0.545373
0.103022;0.0119499;0.0154044;-0.0346633;0.526114
0.147352;0.0467383;0.0915169;-0.0546056;0.563025
0.107594;0.0500065;0.0719064;-0.040989;0.593943
0.140358;0.0508366;0.0954986;-0.0580613;0.63138
0.100034;0.0297038;0.0383336;-0.0401967;0.629517
0.102386;0.0452767;0.0614438;-0.0424467;0.648514
0.145602;0.0408724;0.0782761;-0.0634932;0.663297
0.100662;0.0526953;0.0712254;-0.0443633;0.690159
0.15128;0.0237077;0.0457925;-0.0668009;0.66915
0.100009;0.00366862;0.00452638;-0.0404243;0.633253
0.10495;0.0106608;0.013969;-0.0407555;0.606466
0.143098;0.017679;0.0319677;-0.0548153;0.583618
0.100094;0.00575521;0.00713216;-0.0354782;0.555272
0.148646;0.0103874;0.0192685;-0.0512419;0.523299
0.151768;0.0107422;0.0203576;-0.0495059;0.494151
0.147543;0.00707357;0.0129506;-0.0448915;0.46221
0.100215;0.00480794;0.00595585;-0.0281503;0.440015
0.10061;0.00853841;0.0106865;-0.0272071;0.423495
0.148118;0.00401367;0.00733859;-0.0382886;0.392545
0.151043;0.00860677;0.0161736;-0.0370403;0.371678
0.100033;0.00280273;0.00345378;-0.0225154;0.352616
0.148117;0.00813802;0.0149846;-0.0326688;0.334932
0.151815;0.00758138;0.0142946;-0.0318108;0.317416
0.107476;0.00636393;0.00847703;-0.0210155;0.304878
0.140838;0.00449219;0.00781619;-0.0264234;0.28627
0.100402;0.00504883;0.00626851;-0.0176229;0.274916
0.147358;0.0111654;0.0205596;-0.0261244;0.269351
0.100002;0.0115983;0.0145041;-0.0170316;0.266824
0.100008;0.00160482;0.00197308;-0.0161291;0.252668
0.100167;0.00124349;0.00153034;-0.0152774;0.238921
0.106943;0.00159505;0.00209702;-0.0154651;0.225553
0.140863;0.00110677;0.00191498;-0.0192251;0.208242
0.100013;0.000654297;0.000803217;-0.0125444;0.196501
0.101358;0.000380859;0.000473616;-0.011979;0.184996
0.150483;0.000735677;0.00135897;-0.016826;0.169529
0.100334;0.00187826;0.00231786;-0.0103452;0.161502
0.148484;0.000904948;0.00164996;-0.0145352;0.148616
0.151458;0.0052474;0.00983131;-0.0143989;0.144049
0.100465;0.00316081;0.00391422;-0.00891902;0.139044
0.147948;0.0035319;0.006445;-0.0129149;0.132574
0.100052;6.83594e-05;8.38776e-05;-0.00796362;0.124694
0.10005;0.00162435;0.001998;-0.00760536;0.119087
0.149683;0.00351237;0.00648435;-0.0112775;0.114294
0.150284;0.00848307;0.0158578;-0.0117358;0.118416
0.147431;0.0260547;0.0492443;-0.014831;0.152829
0.108796;0.0450911;0.0650024;-0.0142196;0.203612
0.140724;0.0792415;0.156911;-0.0304405;0.330083
0.150377;0.0848926;0.181449;-0.0461537;0.465378
0.148108;0.0386296;0.074961;-0.048017;0.492322
0.100167;0.0183594;0.0232652;-0.0309868;0.4846
0.152361;0.00491536;0.00925892;-0.0451469;0.448712
0.100036;0.00616862;0.00764548;-0.0273912;0.428966
0.100004;0.00641602;0.00795291;-0.0262162;0.410703
0.149155;0.0104297;0.0194147;-0.0384926;0.391625
0.146416;0.00329427;0.00594673;-0.0349266;0.362645
0.10269;0.00101237;0.00127674;-0.0224227;0.341499
0.149033;0.00474284;0.00873624;-0.0313181;0.318918
0.100073;0.00115885;0.00142464;-0.0192346;0.301108
0.148807;0.000354818;0.000647745;-0.0269419;0.274813
0.147728;0.00469076;0.0085639;-0.0251176;0.25826
0.101673;0.00253581;0.00317464;-0.0159486;0.245486
0.149794;0.00488932;0.0090543;-0.0228771;0.231663
0.100023;5.20833e-05;6.39109e-05;-0.0139068;0.21782
0.148242;0.00171875;0.00313296;-0.0196528;0.2013
0.151741;0.000458984;0.000854567;-0.0184051;0.18375
0.107471;3.25521e-05;4.28867e-05;-0.0118514;0.171941
0.14852;3.25521e-05;5.92672e-05;-0.0153273;0.156673
0.14017;0.000182292;0.000313388;-0.0132029;0.143784
0.10035;5.20833e-05;6.41197e-05;-0.00866106;0.135187
0.100011;5.20833e-05;6.39034e-05;-0.00811595;0.127135
0.106648;2.60417e-05;3.4072e-05;-0.00813738;0.119031
0.100428;1.6276e-05;2.00531e-05;-0.00717369;0.111878
0.100003;2.60417e-05;3.1949e-05;-0.00671478;0.105195
0.100017;0.000598958;0.000735232;-0.00635691;0.0995732
0.100158;7.16146e-05;8.79658e-05;-0.00598909;0.093672
0.100085;5.53385e-05;6.79175e-05;-0.00562917;0.0881108
0.100154;5.85937e-05;7.19644e-05;-0.00529914;0.0828836
0.100096;0.000185547;0.000227788;-0.00499145;0.0781199
0.100002;2.92969e-05;3.59422e-05;-0.00468944;0.0734664
0.141738;0.000341797;0.000594335;-0.00629834;0.0677624
0.151831;4.23177e-05;7.88242e-05;-0.00618025;0.061661
0.14673;0.000686849;0.00123705;-0.00553742;0.0573606
0.100767;7.8125e-05;9.65192e-05;-0.00347387;0.0539833
0.100156;3.25521e-05;3.99674e-05;-0.00324644;0.0507768
0.146629;0.00212565;0.0038351;-0.00480462;0.0498073
0.100269;0.00103841;0.0012788;-0.00307342;0.0480127
0.15198;0.00170573;0.00318753;-0.00466884;0.0465314
0.10477;0.000276693;0.000355578;-0.00294741;0.0439395
0.100085;0.000179036;0.00021977;-0.0026518;0.0415075
0.148185;0.000416667;0.000757566;-0.00375784;0.0385072
0.102237;3.58073e-05;4.48807e-05;-0.00236486;0.0361873
0.100249;0.000413411;0.000508498;-0.00220723;0.0344885
0.150425;0.0036263;0.00672917;-0.0037201;0.0374976
0.100132;0.00208333;0.00256666;-0.00240704;0.0376572
0.142009;0.00112956;0.00197043;-0.00337649;0.0362512
0.103668;5.53385e-05;7.03487e-05;-0.00225922;0.0340623
0.144032;3.25521e-06;5.75194e-06;-0.00294413;0.0311239
0.148591;0.000354818;0.000646806;-0.00283251;0.0289382
0.106587;0.000611979;0.000800581;-0.00190186;0.0278369
0.14484;0.000289714;0.000514708;-0.00246387;0.0258878
0.148005;0.000585938;0.00106431;-0.00239343;0.0245586
0.104712;0.000100911;0.00012957;-0.00155109;0.0231371
0.151397;0.000458984;0.000852629;-0.00217919;0.0218106
0.145638;0.000452474;0.000808566;-0.00197653;0.0206426
0.103912;0.00353841;0.00453507;-0.00156976;0.0236079
0.100142;0.00257813;0.00317927;-0.00160952;0.0251777
0.101842;0.000751953;0.000940099;-0.00159593;0.0245218
0.100193;9.11458e-05;0.000111975;-0.00148088;0.0231529
0.147686;0.000136719;0.000247621;-0.00207356;0.021327
0.152088;0.000126953;0.000236783;-0.00196776;0.019596
0.1002;8.78906e-05;0.000107981;-0.00118461;0.0185194
0.147605;7.16146e-05;0.000129638;-0.00165161;0.0169974
0.10004;5.20833e-05;6.39217e-05;-0.00102409;0.0160372
0.140346;0.00127279;0.00219479;-0.00153527;0.0166968
0.152748;0.0014388;0.00270108;-0.00177779;0.01762
0.151844;0.00023763;0.000442574;-0.00164562;0.016417
0.102741;5.20833e-05;6.56474e-05;-0.00101606;0.0154666
0.100486;4.88281e-05;6.01636e-05;-0.000936129;0.0145906
0.148259;0.000732422;0.00133296;-0.00141649;0.0145071
0.100058;1.6276e-05;1.99792e-05;-0.000872131;0.0136549
0.100259;0.00323893;0.00400331;-0.00106224;0.016596
0.143839;0.00532227;0.00947124;-0.00224969;0.0238176
0.10246;0.0044987;0.00569463;-0.0018143;0.0276979
0.105029;0.0078418;0.0102335;-0.00239034;0.0355411
0.141229;0.0190332;0.0340457;-0.00589659;0.0636902
0.10687;0.00270833;0.00356502;-0.00431256;0.0629427
0.147624;0.000820312;0.00148678;-0.00570679;0.0587227
0.100417;0.000166016;0.000204458;-0.00355037;0.0553768
0.100004;0.00014974;0.00018362;-0.00333376;0.0522266
0.152163;0.0011263;0.00210515;-0.00496037;0.0493714
0.100064;0.00257813;0.00317678;-0.0031549;0.0493933
0.100095;0.00229167;0.0028233;-0.00313598;0.0490806
0.147887;0.00419596;0.0076623;-0.00503491;0.051708
0.100084;0.00181315;0.00223168;-0.0032391;0.0507006
0.147883;0.0190234;0.0356311;-0.00766019;0.0786715
0.151863;0.0392969;0.0782804;-0.0143011;0.142651
0.148024;0.066901;0.136335;-0.024778;0.254208
0.100013;0.0535026;0.0719517;-0.0195721;0.306587
0.100091;0.0396289;0.0520594;-0.0215384;0.337108
0.147924;0.0526725;0.104617;-0.0392051;0.40252
0.15201;0.0238021;0.0462041;-0.0409264;0.407798
0.148111;0.00833659;0.0153548;-0.0376041;0.385549
0.100208;0.0106868;0.013371;-0.0239849;0.374935
0.144379;0.00955729;0.0171954;-0.0339692;0.358161
0.109147;0.0219076;0.0304355;-0.0254484;0.363148
0.100087;0.0176237;0.022287;-0.0231462;0.362289
0.145596;0.0132324;0.0241598;-0.0337591;0.352689
0.147973;0.00725911;0.0133332;-0.0324968;0.333526
0.151822;0.00325846;0.00609897;-0.0309376;0.308687
0.100104;0.00588216;0.00729186;-0.0189785;0.297
0.100522;0.0026888;0.00332893;-0.0181139;0.282215
0.150544;0.00619141;0.0115486;-0.0265346;0.267229
0.149322;0.00670573;0.0124173;-0.0250545;0.254592
0.14816;0.00572917;0.0105089;-0.0235665;0.241535
0.147459;0.00317057;0.00576301;-0.0218798;0.225418
0.152851;0.00176758;0.00332237;-0.0209779;0.207763
0.147617;0.00719401;0.0131804;-0.0195689;0.201374
0.150764;0.00676432;0.0126481;-0.0193601;0.194662
0.100984;0.00242839;0.003019;-0.0119775;0.185703
0.148374;0.00194661;0.00355282;-0.0168485;0.172408
0.14786;0.000677083;0.00122881;-0.0154043;0.158232
0.100007;0.000208333;0.000255544;-0.00950996;0.148978
0.150405;0.000615234;0.00113571;-0.0135467;0.136567
0.142419;0.00358398;0.00629623;-0.0122078;0.130655
0.151859;0.00149089;0.0027828;-0.0121583;0.12128
0.147623;0.00128581;0.00233227;-0.0109488;0.112663
0.107385;0.00160156;0.00211433;-0.00739527;0.107382
0.100158;0.00138346;0.00170285;-0.00655545;0.10253
0.100148;0.0016276;0.00200395;-0.00628129;0.0982523
0.148046;0.00310547;0.00566647;-0.00923084;0.094688
0.100102;0.00116211;0.00142905;-0.00577293;0.0903441
0.151864;0.00189779;0.00354486;-0.008555;0.085334
0.147563;0.000927734;0.00168108;-0.00770414;0.0793109
0.140726;0.00179036;0.00309842;-0.00695829;0.075451
0.151987;0.00267253;0.00500263;-0.00733674;0.0731169
0.107292;0.00463216;0.00614149;-0.00510226;0.0741561
0.141564;0.0132878;0.0235913;-0.00830252;0.0894449
0.158391;0.0154199;0.030743;-0.011422;0.108766
0.100409;0.00964518;0.0120704;-0.00727982;0.113556
0.100128;0.00547852;0.00678836;-0.00722991;0.113115
0.149548;0.00133138;0.00244664;-0.0103692;0.105192
0.146415;0.00451823;0.00817322;-0.00995908;0.103407
0.100004;0.000986328;0.00121136;-0.00627732;0.0983406
0.148566;0.0044694;0.00820294;-0.00949723;0.0970463
0.145481;0.0025293;0.00453077;-0.00886651;0.0927105
0.105955;0.000123698;0.000160727;-0.0059041;0.0869672
0.100122;0.000169271;0.000207856;-0.00523687;0.0819382
0.147566;1.30208e-05;2.35722e-05;-0.00725684;0.0747049
0.100465;1.95312e-05;2.40724e-05;-0.00450458;0.0702244
0.151338;0.000625;0.00116093;-0.00648199;0.0649033
0.100376;0.00400065;0.00495698;-0.00420736;0.0656529
0.100133;0.000983073;0.0012089;-0.00401705;0.0628448
0.147452;0.000338542;0.000612404;-0.00561412;0.0578431
0.147958;0.0018457;0.00335862;-0.00543317;0.0557685
0.151993;0.00664714;0.0125278;-0.00622834;0.0620679
0.148;0.00160807;0.00292586;-0.00577144;0.0592223
0.100592;0.00109049;0.00134737;-0.0036557;0.056914
0.151764;0.045319;0.0911685;-0.0134841;0.134598
0.103631;0.0525586;0.073118;-0.0129155;0.194801
0.102164;0.0437044;0.0590198;-0.0155589;0.238262
0.140166;0.0438932;0.0813501;-0.0268793;0.292733
0.147696;0.0259342;0.0490944;-0.0302918;0.311535
0.100184;0.00585612;0.00726502;-0.0191632;0.299637
0.151901;0.00345378;0.00646998;-0.0278987;0.278208
0.100121;0.00015625;0.000191862;-0.0167243;0.261676
0.102285;1.95312e-05;2.45087e-05;-0.0160609;0.245639
0.1478;0.00403971;0.0073707;-0.0224369;0.230573
0.146865;0.026123;0.0491898;-0.0246525;0.255111
0.152793;0.0824316;0.178236;-0.0397273;0.393619
0.148537;0.0720605;0.148708;-0.0483333;0.493994
0.151917;0.0774609;0.165063;-0.0600733;0.598984
0.100622;0.0148079;0.0187355;-0.0372937;0.580426
0.147165;0.0746517;0.153335;-0.0647904;0.66897
0.144676;0.058418;0.11463;-0.0680208;0.715579
0.148018;0.0226042;0.0426385;-0.0673381;0.690879
0.14795;0.0202279;0.0379826;-0.064701;0.664161
0.152513;0.00395508;0.0074453;-0.0614573;0.610149
0.106709;0.00132161;0.00173295;-0.0391761;0.572706
0.104151;0.00163411;0.00209243;-0.0359195;0.538879
0.137236;0.00166016;0.00280122;-0.0446029;0.497077
0.106906;0.000953776;0.00125211;-0.0319645;0.466365
0.100043;0.00286133;0.00352665;-0.0282056;0.441686
0.10103;0.00145833;0.00181087;-0.026884;0.416613
0.144051;0.0225977;0.0414832;-0.0395936;0.418502
0.103145;0.016709;0.0217416;-0.0272453;0.412999
0.152139;0.0148861;0.0284812;-0.0402999;0.40118
0.147709;0.0166797;0.031079;-0.0383092;0.39395
0.145464;0.0312174;0.0587367;-0.0395099;0.413177
0.102453;0.0155046;0.0199978;-0.026628;0.406546
0.144421;0.0318783;0.0596179;-0.0403943;0.42577
0.107825;0.0256445;0.0354231;-0.0298368;0.431356
0.147088;0.0294434;0.0558455;-0.042997;0.444205
0.15228;0.0228809;0.044424;-0.0446449;0.443984
0.101548;0.00135742;0.00169392;-0.0271546;0.418523
0.100776;0.00136393;0.00168909;-0.0254084;0.394804
0.138977;0.0111361;0.0193384;-0.0345338;0.379609
0.102406;0.00699544;0.0088882;-0.0238707;0.364626
0.151608;0.0125977;0.0239245;-0.0353443;0.353206
0.15269;0.0086849;0.0165007;-0.0338704;0.335837
0.140945;0.000908203;0.00157182;-0.0285336;0.308875
0.10002;0.000530599;0.000651252;-0.0185753;0.290951
0.108437;0.000865885;0.00115287;-0.0190049;0.273099
0.146849;0.00183268;0.00330991;-0.0243542;0.252054
0.144871;0.00688802;0.0123786;-0.0229853;0.241448
0.148104;0.00159831;0.00291005;-0.0217143;0.222644
0.103635;0.00114909;0.00146287;-0.0139352;0.210171
0.103475;0.00124674;0.001585;-0.0131468;0.198609
0.100136;0.000192057;0.000235877;-0.0119469;0.186898
0.152439;0.000175781;0.000328644;-0.0171245;0.170103
0.145018;4.23177e-05;7.52868e-05;-0.0148073;0.155371
0.102664;1.6276e-05;2.04995e-05;-0.00957185;0.145819
0.100011;0.000507812;0.000623174;-0.00878749;0.137655
0.14558;0.00571615;0.0103022;-0.0129237;0.135033
0.151128;0.00598958;0.0112116;-0.013261;0.132984
0.143992;0.0178483;0.0324848;-0.0142957;0.151173
0.148014;0.0413151;0.0804967;-0.0205742;0.211096
0.158687;0.0513281;0.109107;-0.0304872;0.289715
0.141319;0.0081901;0.0143896;-0.0257856;0.278319
0.106648;0.0371354;0.0517549;-0.021121;0.308953
0.152783;0.0540918;0.111241;-0.0385191;0.381675
0.139927;0.022972;0.0409896;-0.0354854;0.387179
0.107597;0.00765625;0.0102324;-0.0256562;0.371755
0.147722;0.017487;0.0326314;-0.0358421;0.368545
0.1523;0.0242676;0.0472354;-0.0379939;0.377786
0.100103;0.00916992;0.0114315;-0.0233772;0.36584
0.140816;0.00100911;0.00174513;-0.0310571;0.336528
0.152274;0.0028125;0.0052759;-0.0312288;0.310575
0.154354;0.00558919;0.0106782;-0.029752;0.291502
0.141459;0.000299479;0.000519681;-0.0247853;0.267236
0.105704;0.00131185;0.0017039;-0.0170569;0.251883
0.146669;0.00456055;0.00826465;-0.0228933;0.237254
0.147629;0.00611979;0.0111926;-0.0220067;0.22644
0.106899;0.00967448;0.0128903;-0.0153506;0.22398
0.1003;0.00545573;0.00677147;-0.0138866;0.216865
0.100305;0.00120117;0.00148019;-0.0131406;0.205204
0.148524;0.0013737;0.00250727;-0.0185101;0.189202
0.151028;0.00253255;0.00470957;-0.0175716;0.176339
0.100082;0.00254232;0.00313301;-0.0107772;0.168695
0.14093;0.00209635;0.00363506;-0.0145719;0.157758
0.106584;0.00129557;0.0016967;-0.0101972;0.149258
0.152138;0.00507161;0.00954182;-0.0144957;0.144304
0.147784;0.00729818;0.0133887;-0.0139826;0.14371
0.100259;0.0033431;0.00413278;-0.00889354;0.138949
0.148146;0.0189128;0.0354801;-0.0155047;0.158925
0.100231;0.0162435;0.0205224;-0.0107917;0.168655
0.151795;0.0285775;0.0558538;-0.0204476;0.204062
0.148137;0.0120247;0.0222919;-0.0201188;0.206235
0.100018;0.0327799;0.0425223;-0.0149281;0.233829
0.100034;0.016735;0.0211197;-0.0153021;0.239646
0.147591;0.0175065;0.0326399;-0.0241122;0.248174
0.100459;0.00266927;0.00330257;-0.0151578;0.236319
0.100428;0.00630208;0.00784327;-0.0147124;0.22945
0.151911;0.0135449;0.0258168;-0.0232666;0.232
0.100068;0.00309245;0.00381397;-0.0141584;0.221656
0.147846;0.0183236;0.0342703;-0.0227025;0.233223
0.100132;0.00453776;0.00561394;-0.0143492;0.224488
0.14743;0.0179785;0.0335106;-0.0228221;0.235177
0.100132;0.0268652;0.0345345;-0.0162041;0.253507
0.151959;0.00745117;0.0140593;-0.0243955;0.243171
0.148082;0.0103874;0.0191955;-0.0233111;0.239055
0.100072;0.00280599;0.00345914;-0.0145613;0.227953
0.15161;0.00448242;0.00839558;-0.0214996;0.214849
0.100069;0.000465495;0.000571524;-0.0129341;0.202486
0.147646;0.000390625;0.000707551;-0.0180005;0.185193
0.100477;0.00086263;0.00106423;-0.0112288;0.175029
0.147558;0.000354818;0.000642308;-0.015553;0.160118
0.103076;0.00136393;0.00172765;-0.0100095;0.151836
0.10008;0.00166992;0.00205481;-0.00924084;0.14465
0.149235;0.00174479;0.00320179;-0.0132388;0.134613
0.150839;0.0113867;0.0214707;-0.0141261;0.141958
0.145461;0.0060026;0.010815;-0.0133335;0.139439
0.152891;0.00945964;0.0180201;-0.0144445;0.143015
0.100315;0.00129232;0.0015929;-0.00870381;0.135904
0.146715;0.00441081;0.00799377;-0.0126672;0.131231
0.152864;0.000416667;0.000781487;-0.012108;0.119904
0.146495;0.00284831;0.00514058;-0.0109911;0.114054
0.146988;0.00126953;0.00229275;-0.0102609;0.106085
0.153505;0.00167318;0.00315789;-0.0100616;0.0991817
0.14808;0.000849609;0.00154468;-0.00894935;0.0917771
0.100121;0.000172526;0.000211852;-0.005526;0.0864629
0.151674;0.00171549;0.00319934;-0.00815967;0.0815026
0.148203;0.00510417;0.00935516;-0.00807923;0.0827785
0.151975;0.00245117;0.00458622;-0.00796633;0.0793984
0.148141;0.0053776;0.0098568;-0.00793341;0.0813218
0.147897;0.00355469;0.00648465;-0.00779178;0.0800147
0.100008;0.00085612;0.00105127;-0.00486433;0.0762016
0.144168;0.000403646;0.000713954;-0.00665323;0.0702623
0.107149;0.00436523;0.00577724;-0.00488854;0.071151
0.100105;0.0146419;0.0184251;-0.00538021;0.0841959
0.100321;0.0347428;0.0453592;-0.00779826;0.121757
0.148072;0.044388;0.0869823;-0.0185451;0.190194
0.147655;0.0506217;0.100001;-0.0257091;0.264486
0.100371;0.0614974;0.0841729;-0.0209972;0.327661
0.100153;0.0556315;0.0751995;-0.0242086;0.378652
0.151943;0.0463639;0.0935509;-0.0430487;0.429154
0.148041;0.0116439;0.0215577;-0.0400343;0.410678
0.100022;0.00735677;0.00913533;-0.0251944;0.394619
0.147873;0.0240039;0.0453434;-0.039035;0.400927
0.152036;0.0295345;0.0579119;-0.041856;0.416983
0.100064;0.0085905;0.0106943;-0.0256772;0.402
0.147914;0.00297526;0.00542287;-0.0361582;0.371265
0.14404;0.00130534;0.00231031;-0.0322859;0.341289
0.107463;0.00142578;0.00188303;-0.022127;0.321045
0.14802;0.00528646;0.00968032;-0.0293723;0.301353
0.100342;0.000367839;0.00045281;-0.0181703;0.283636
0.140174;0.00119466;0.00205725;-0.024028;0.261665
0.100195;0.000553385;0.000680462;-0.0157715;0.246574
0.10105;2.27865e-05;2.8248e-05;-0.0149515;0.231651
0.150898;0.00251953;0.00468122;-0.0213972;0.214935
0.100012;0.00100911;0.00123945;-0.012972;0.203202
0.100046;0.00288737;0.00355903;-0.0124114;0.19435
0.147902;0.00255534;0.00465384;-0.0176599;0.181344
0.100004;0.000729167;0.000895116;-0.0109347;0.171304
0.100436;0.000136719;0.000168399;-0.0103332;0.161139
0.147673;0.000537109;0.000973326;-0.0143638;0.147749
0.152485;0.00133464;0.00250078;-0.0137465;0.136503
0.14738;0.00573568;0.0104655;-0.0129961;0.133973
0.100293;0.00259766;0.00320825;-0.00825494;0.128926
0.100481;0.00246094;0.0030444;-0.00795632;0.124014
0.147291;0.00929688;0.0170567;-0.0124671;0.128604
0.100075;0.0030599;0.00377391;-0.00794863;0.124429
0.100208;0.000813802;0.00100123;-0.00754147;0.117889
0.103091;0.00031901;0.000403399;-0.00731689;0.110975
0.148456;0.000253906;0.000462344;-0.00992616;0.101511
0.100958;0.000517578;0.000641203;-0.00618788;0.0959646
0.106562;7.8125e-05;0.00010207;-0.00614224;0.0899245
0.140596;0.000296224;0.000510898;-0.00762893;0.0828064
0.10097;7.16146e-05;8.86792e-05;-0.00502194;0.0778732
0.100833;0.000608724;0.000753308;-0.00475689;0.0738696
0.14932;1.95312e-05;3.57786e-05;-0.00662131;0.067284
0.150306;1.30208e-05;2.40099e-05;-0.00607007;0.061238
0.147052;6.51042e-05;0.00011745;-0.00541345;0.055942
0.100393;0.000188802;0.000232475;-0.00338372;0.0527907
0.147918;0.000120443;0.000218475;-0.00470461;0.0483046
0.151096;0.00126628;0.0023508;-0.0045923;0.0460631
0.100524;0.000309245;0.000381373;-0.00280128;0.0436432
0.10078;0.000904948;0.00111988;-0.00270674;0.0420563
0.146951;0.00107422;0.00193893;-0.00387909;0.0401162
0.100122;2.60417e-05;3.19871e-05;-0.00241183;0.0377363
0.100056;1.30208e-05;1.5983e-05;-0.00226641;0.0354859
0.148444;0.000882161;0.0016079;-0.00330381;0.03379
0.151901;0.00030599;0.000570131;-0.0031316;0.0312285
0.101697;0.000179036;0.00022331;-0.00191913;0.0295327
0.100031;0.00232096;0.00285771;-0.00194403;0.0304464
0.145679;0.00520833;0.00938527;-0.00348158;0.0363501
0.100414;0.00177083;0.00218663;-0.00232177;0.0362149
0.152479;0.000888672;0.00166382;-0.00346542;0.0344133
0.147453;0.00273112;0.00496032;-0.00348346;0.0358902
0.100002;0.00136719;0.00168015;-0.00225427;0.0353161
0.10012;0.000742187;0.000912207;-0.0021763;0.034052
0.100074;0.000367839;0.000451602;-0.00207175;0.0324318
0.147641;7.8125e-05;0.000141418;-0.00288549;0.0296877
0.151768;0.00016276;0.000302954;-0.00273098;0.0272597
0.100473;0.000113932;0.000140375;-0.00165179;0.0257483
0.147577;2.92969e-05;5.30414e-05;-0.0022846;0.0235167
0.107358;3.90625e-05;5.14484e-05;-0.00151814;0.02205
0.140653;0.000621745;0.00107326;-0.00195141;0.0211719
0.100033;0.00372396;0.00459619;-0.0015466;0.0242215
0.107118;0.0075;0.00997636;-0.00219793;0.0319999
0.100129;0.00545247;0.00675587;-0.00232834;0.0364274
0.150789;0.00256185;0.00475677;-0.00372609;0.0374581
0.101361;8.46354e-05;0.000105184;-0.00228448;0.0352788
0.14436;0.00236328;0.00419961;-0.00341946;0.036059
0.103868;0.0015625;0.00199506;-0.00237156;0.0356825
0.148191;0.000934245;0.00170006;-0.00332384;0.0340587
0.151604;0.000283203;0.000526681;-0.00314597;0.0314394
0.100199;0.000732422;0.000900868;-0.00194428;0.030396
0.147706;0.0022526;0.0040949;-0.0030567;0.0314342
0.100247;0.000380859;0.000468424;-0.00191888;0.0299837
0.100247;1.6276e-05;2.00169e-05;-0.00180467;0.0281991
0.147762;0.00173177;0.00314654;-0.00277901;0.0285666
0.100236;0.000576172;0.000708756;-0.00176066;0.0275147
0.100036;0.000335286;0.00041142;-0.00167617;0.0262499
0.151901;0.000735677;0.00137177;-0.00251746;0.0251042
0.100142;1.6276e-05;1.99959e-05;-0.00150959;0.0236146
0.148252;0.000504557;0.000917848;-0.00218219;0.0223503
0.148098;8.13802e-05;0.000147814;-0.00199916;0.020499
0.152223;3.25521e-06;6.07904e-06;-0.0018728;0.0186322
0.147486;3.58073e-05;6.47446e-05;-0.00165452;0.0170425
0.143946;0.000110677;0.000195363;-0.00148879;0.015749
0.107261;0;0;-0.00101356;0.0147355
0.147884;0.000361328;0.000655538;-0.00136565;0.0140254
0.100615;0.000764974;0.00094485;-0.000903741;0.0140665
0.140433;0.00102539;0.00176851;-0.00133426;0.0145007
0.107019;3.58073e-05;4.69801e-05;-0.00093413;0.0136136
0.100086;2.27865e-05;2.79785e-05;-0.000819194;0.0128224
0.103228;0.000478516;0.000606087;-0.000831713;0.0125967
0.149143;0.00764648;0.0141651;-0.0023948;0.024367
0.147492;0.0121029;0.022342;-0.00413352;0.0425755
0.100032;0.0308854;0.0399391;-0.00495245;0.0775621
0.100019;0.017793;0.0224924;-0.00600444;0.0940501
0.100785;0.0107324;0.0135064;-0.00650406;0.101052
0.144039;0.0380631;0.071762;-0.0149352;0.157879
0.103951;0.0389648;0.0530996;-0.0131589;0.19782
0.148819;0.0588542;0.118884;-0.0282788;0.288425
0.102873;0.0178548;0.0232171;-0.0192358;0.292406
0.100153;0.0149154;0.0187869;-0.0187001;0.292493
0.14745;0.00929688;0.0170751;-0.0273875;0.28218
0.100369;0.0188672;0.0239779;-0.0184373;0.287721
0.100154;0.0215332;0.0274329;-0.0189383;0.296216
0.148766;0.0413346;0.0809469;-0.0336655;0.343497
0.151089;0.033623;0.0659833;-0.0371207;0.37236
0.100015;0.0108138;0.0135067;-0.0231554;0.362711
0.149582;0.0100618;0.0187718;-0.0342378;0.347245
0.150325;0.0405827;0.0802019;-0.0385535;0.388893
0.148308;0.0387891;0.0753933;-0.0413145;0.422972
0.140534;0.0211263;0.0377396;-0.0388475;0.421864
0.100144;0.0113997;0.0142713;-0.0262059;0.40993
0.102587;0.00927734;0.0118545;-0.0259618;0.395822
0.104084;0.000940755;0.00120244;-0.0247945;0.37223
0.100357;0.000527344;0.000649435;-0.0224526;0.350427
0.100004;0.00016276;0.000199624;-0.0210385;0.329589
0.147832;0.00188477;0.003427;-0.0295382;0.303477
0.100319;0.00277669;0.00343131;-0.0184733;0.288435
0.100273;0.0016276;0.00200645;-0.0174741;0.272968
0.152342;0.000416667;0.000778814;-0.0250218;0.248725
0.147637;0.00236654;0.00430085;-0.0224136;0.230612
0.151511;0.00872721;0.0164542;-0.0224599;0.224606
0.147903;0.0229915;0.0433643;-0.0237802;0.24419
0.100267;0.0247526;0.0317456;-0.0166003;0.259336
0.100392;0.0178971;0.0227123;-0.0169891;0.265059
0.148312;0.0279915;0.0533994;-0.0283387;0.290119
0.100182;0.0740592;0.103445;-0.0236569;0.369908
0.100027;0.0948438;0.137262;-0.0304384;0.476731
0.15302;0.120003;0.27802;-0.0692951;0.685456
0.146848;0.105309;0.227995;-0.080483;0.832968
0.147773;0.0718392;0.147431;-0.0869256;0.893474
0.100014;0.0648079;0.088905;-0.0589507;0.923428
0.152119;0.0453743;0.0915024;-0.0926342;0.922296
0.148027;0.0356966;0.0688804;-0.0880327;0.903144
0.151986;0.065319;0.136293;-0.0947876;0.944649
0.147701;0.0640007;0.129476;-0.0951894;0.978935
0.148265;0.0409017;0.0797687;-0.094181;0.964523
0.100048;0.0771517;0.108212;-0.0643952;1.00834
0.100012;0.0836458;0.11864;-0.0676266;1.05935
0.151784;0.0874316;0.18948;-0.113732;1.1351
0.148159;0.0182259;0.0341542;-0.103942;1.06531
0.109459;0.0437044;0.0632341;-0.074118;1.05443
0.141557;0.0484212;0.0913514;-0.0973159;1.04847
0.102464;0.0103288;0.0132058;-0.0652698;0.996401
0.145843;0.0108854;0.0198286;-0.0889262;0.927304
0.100381;0.00669271;0.00833109;-0.056352;0.879283
0.100307;0.00981771;0.0122774;-0.0536577;0.837903
0.146936;0.0100488;0.0184154;-0.0754943;0.780824
0.100361;0.0060612;0.00753532;-0.0474721;0.740887
0.152045;0.00451823;0.00848747;-0.0683632;0.681011
0.147848;0.00484701;0.00885871;-0.0611977;0.628672
0.147581;0.0248307;0.0468797;-0.0598194;0.615733
0.100441;0.0238249;0.0305599;-0.0389485;0.607344
0.151965;0.0158301;0.0303016;-0.0581399;0.579506
0.100016;0.0196973;0.0249804;-0.0362749;0.568211
0.100026;0.0316374;0.0409622;-0.0365598;0.572614
0.147608;0.0232943;0.0438704;-0.0545987;0.561885
0.100569;0.00556315;0.00692464;-0.0343229;0.534487
0.101433;0.00820312;0.0103449;-0.0331583;0.511674
0.148758;0.00345703;0.00634214;-0.0462353;0.47178
0.149609;0.0257975;0.0494565;-0.046789;0.474448
0.148047;0.0580827;0.116559;-0.0524979;0.538509
0.100147;0.0434277;0.0574603;-0.0358106;0.560158
0.151403;0.0433171;0.0866312;-0.0587556;0.588034
0.100439;0.033138;0.0431946;-0.03804;0.593189
0.147907;0.0571354;0.114359;-0.0627905;0.644757
0.102827;0.0293815;0.0389543;-0.0421822;0.641529
0.142976;0.0230371;0.042006;-0.0586374;0.624898
0.153856;0.0460221;0.0939744;-0.0663615;0.65251
0.143131;0.0422201;0.0796715;-0.0628787;0.669303
0.106068;0.0242187;0.0328276;-0.044684;0.657447
0.101248;0.0122493;0.0155265;-0.0408824;0.632091
0.146101;0.0156966;0.0288802;-0.0579412;0.60303
0.151853;0.011276;0.0214008;-0.0568929;0.567538
0.150551;0.0411458;0.081517;-0.0586295;0.590425
0.149504;0.0282585;0.0543671;-0.0578396;0.586953
0.100294;0.0119368;0.0149799;-0.0362222;0.56571
0.147848;0.0103451;0.0190856;-0.0518765;0.532919
0.100187;0.00766276;0.00953601;-0.0326083;0.509847
0.147741;0.0114518;0.0211522;-0.0470703;0.483929
0.151364;0.00458984;0.00858442;-0.0447292;0.447784
0.140916;0.00632161;0.0110398;-0.0387933;0.420031
0.107202;0.00617839;0.00820625;-0.0275447;0.400692
0.145213;0.00991862;0.0179597;-0.0364763;0.382176
0.106726;0.00970052;0.0129047;-0.0252993;0.369781
0.147931;0.0402572;0.0782476;-0.0397665;0.408262
0.148154;0.0329297;0.0632914;-0.0419176;0.429636
0.100254;0.00580404;0.00720476;-0.0262769;0.410564
0.100062;0.0133398;0.0167419;-0.0256543;0.401651
0.101392;0.0127832;0.0162411;-0.0254226;0.39247
0.146493;0.0278516;0.052468;-0.0391082;0.40583
0.145525;0.0136003;0.024835;-0.0376036;0.393061
0.106614;0.0198145;0.0267921;-0.0268573;0.392996
0.149104;0.0180664;0.0340619;-0.0382056;0.388852
0.149575;0.0786947;0.165469;-0.0497476;0.504574
0.101271;0.0821029;0.117594;-0.0378044;0.584363
0.100195;0.0700977;0.0972403;-0.0409761;0.640627
0.147569;0.0492578;0.0970185;-0.0653124;0.672334
0.149175;0.0576986;0.116591;-0.0706126;0.718312
0.144418;0.0297493;0.0554308;-0.0670456;0.706698
0.105854;0.0834701;0.125267;-0.0528399;0.779125
0.100749;0.0986165;0.144728;-0.0558461;0.868007
0.146472;0.0734766;0.149898;-0.0894568;0.928448
0.102096;0.00988607;0.0125849;-0.0576454;0.883387
0.14398;0.0139811;0.025276;-0.0784977;0.830166
0.148678;0.0224772;0.0425786;-0.0778548;0.794889
0.150491;0.00447266;0.00831531;-0.0725248;0.73068
0.149159;0.0194694;0.0368091;-0.0686866;0.698802
0.147674;0.0200586;0.0375838;-0.0652472;0.671139
0.10919;0.0734147;0.111638;-0.0512831;0.731494
0.149994;0.0742806;0.155403;-0.0798176;0.80708
0.145828;0.124769;0.277873;-0.0949301;0.990023
0.142949;0.107282;0.226905;-0.104375;1.11255
0.101075;0.111982;0.168895;-0.0777133;1.20373
0.151006;0.136341;0.321143;-0.13816;1.38672
0.155134;0.353955;1.30462;-0.25051;2.44083
0.101275;0.444925;1.29289;-0.226878;3.50684
0.147495;0.332194;1.11396;-0.408926;4.21187
0.100869;0.109092;0.163345;-0.264794;4.11042
0.145546;0.0753874;0.153342;-0.372344;3.89142
0.147193;0.10264;0.221671;-0.363251;3.74984
0.150962;0.27391;0.837264;-0.415487;4.17162
0.148057;0.290527;0.899935;-0.450528;4.62103
0.15144;0.159528;0.393285;-0.455619;4.55869
0.14802;0.0641602;0.130116;-0.416423;4.27238
0.147782;0.031224;0.0596856;-0.384121;3.94795
0.1001;0.0291927;0.0376655;-0.239376;3.74624
0.100038;0.00680013;0.00843745;-0.225367;3.52931
0.105963;0.0224023;0.0302409;-0.226308;3.33324
0.145921;0.0370996;0.0707409;-0.298027;3.10595
0.148055;0.0619043;0.125072;-0.287021;2.94401
0.152495;0.0777865;0.166483;-0.284599;2.82589
0.147439;0.0383496;0.0740457;-0.256538;2.6434
0.100097;0.0130339;0.016355;-0.159739;2.50001
0.104628;0.0059375;0.00769375;-0.157425;2.35028
0.143206;0.00763346;0.0135778;-0.203112;2.16075
0.100095;0.00251302;0.00309712;-0.129953;2.03389
0.100573;0.00152669;0.00188734;-0.122846;1.91293
0.104162;0.00148112;0.00189622;-0.119672;1.79516
0.14382;0.0140072;0.0252959;-0.15709;1.66336
0.104244;0.0454818;0.062865;-0.10797;1.61826
0.15456;0.0587988;0.123342;-0.161509;1.58009
0.140688;0.695576;4.89507;-0.546585;5.92857
0.151944;0.958577;13.7242;-1.79167;17.8611
0.106224;0.746735;4.47116;-1.42334;20.9089
0.156926;0.866924;10.2266;-2.93159;28.2039
0.152775;0.0630436;0.131699;-2.59738;25.7382
0.160681;0.283968;0.94234;-2.57223;24.1083
0.159222;0.0120085;0.0239269;-2.30543;21.8268
0.160206;0.0270996;0.055758;-2.10344;19.7791
0.160485;0.0181934;0.0369275;-1.90811;17.908
0.159306;0.00720703;0.0142501;-1.71307;16.2091
0.160598;0.00430339;0.00853553;-1.56272;14.655
0.102889;0.00954102;0.0122327;-0.905454;13.7617
0.151779;0.00601562;0.0113094;-1.25427;12.5188
0.140711;0.0268848;0.0485666;-1.06102;11.5063
0.106993;0.0156608;0.0211001;-0.740014;10.7874
0.145124;0.0163672;0.0299471;-0.941917;9.87544
0.104765;0.00491536;0.00636653;-0.62116;9.26065
0.100252;0.00698568;0.00868897;-0.557563;8.71177
0.150093;0.0280208;0.0540999;-0.789418;7.97646
0.144785;0.0247917;0.0459159;-0.696911;7.32546
0.148167;0.00181966;0.00331577;-0.651531;6.67725
0.100012;0.00111328;0.00136767;-0.400763;6.27785
0.148007;0.00573568;0.0105101;-0.558434;5.72993
0.103984;0.00382161;0.00490385;-0.3578;5.37703
0.102383;0.00125326;0.0015765;-0.330408;5.0482
0.153064;0.00386393;0.00729886;-0.46429;4.59121
0.140537;0.00553711;0.00963087;-0.387952;4.21289
0.10053;0.00804036;0.0100466;-0.254718;3.96822
0.100758;0.00588867;0.00734765;-0.240341;3.73522
0.14727;0.00527995;0.00961932;-0.330901;3.41394
0.15154;0.0108236;0.0204839;-0.312273;3.12215
0.100108;0.00702799;0.00872961;-0.188055;2.94283
0.14795;0.00434896;0.00794717;-0.261941;2.68883
0.106748;0.00166341;0.00218315;-0.172356;2.51866
0.14796;0.00209635;0.00381637;-0.223935;2.29854
0.145227;0.000556641;0.000992087;-0.200373;2.09916
0.147684;0.000478516;0.000867107;-0.186085;1.91394
0.100274;0.00078125;0.000961722;-0.115209;1.7997
0.152045;0.000211589;0.000394585;-0.164217;1.63587
0.107668;0.00207357;0.00274683;-0.105857;1.53276
0.14679;0.00252604;0.00456564;-0.135399;1.40193
0.141398;0.000797526;0.00138447;-0.119056;1.28426
0.152166;2.60417e-05;4.86141e-05;-0.117257;1.16705
0.147942;7.48698e-05;0.000135798;-0.103606;1.06358
0.152518;9.76563e-05;0.000182634;-0.0973459;0.966419
0.106305;9.4401e-05;0.000123082;-0.0616489;0.904893
0.100969;0.000175781;0.000217678;-0.0548327;0.850278
0.147342;0.000279948;0.000505946;-0.0752136;0.77557
0.140701;2.27865e-05;3.93325e-05;-0.0654776;0.710132
0.100726;0.000244141;0.000301626;-0.0429353;0.667498
0.103654;0.00023112;0.000293838;-0.0415316;0.62626
0.154974;0.000341797;0.000649833;-0.0582927;0.568617
0.140871;1.95312e-05;3.37543e-05;-0.048064;0.520587
0.100005;7.16146e-05;8.78314e-05;-0.0312419;0.489433
0.147954;3.25521e-05;5.90416e-05;-0.0434535;0.446039
0.101169;6.51042e-05;8.08038e-05;-0.0270801;0.419039
0.105551;0.000188802;0.000244418;-0.0265535;0.39273
0.14509;0.00224935;0.00401659;-0.0345385;0.362208
0.100144;0.000839844;0.00103262;-0.0218259;0.341415
0.148125;0.00213216;0.00388613;-0.0306886;0.314613
0.100609;0.00187826;0.00232423;-0.019132;0.297805
0.15454;0.0169434;0.0330454;-0.0306778;0.300172
0.14472;0.0417513;0.0795969;-0.0329763;0.346793
0.148115;0.145618;0.342206;-0.0612306;0.627769
0.152506;0.77641;7.15934;-0.712549;7.07456
0.14737;0.530762;2.69929;-0.864221;8.90963
0.160346;0.811735;8.56214;-1.68092;15.7909
0.159699;0.398076;1.65366;-1.67152;15.773
0.160285;0.373115;1.47761;-1.65901;15.5916
0.159528;0.0475846;0.101022;-1.50205;14.1906
0.160392;0.0485156;0.103725;-1.37562;12.9187
0.155826;0.0453255;0.0936231;-1.21659;11.7957
0.159857;0.0189323;0.0383255;-1.13505;10.699
0.160112;0.0289909;0.0598091;-1.03356;9.72523
0.151986;0.040599;0.0811228;-0.894256;8.9121
0.102584;0.00832031;0.0106139;-0.549198;8.37351
0.152867;0.00424805;0.00801939;-0.768757;7.61278
0.140495;0.00526367;0.00914829;-0.642504;6.97942
0.107491;0.00799154;0.0106761;-0.450822;6.53927
0.145132;0.0221224;0.040882;-0.572995;6.00716
0.100178;0.0139388;0.017532;-0.362126;5.66257
0.104592;0.00617513;0.00800217;-0.355857;5.31471
0.100951;0.0215234;0.0276383;-0.32359;5.01876
0.148802;0.00333333;0.00611572;-0.448626;4.57625
0.142301;0.00907227;0.0160745;-0.392095;4.20023
0.100148;0.00351888;0.00434655;-0.252648;3.95193
0.103938;0.000507812;0.000647644;-0.246493;3.70608
0.148231;0.0138835;0.0258361;-0.331912;3.40001
0.146876;0.0292546;0.0553891;-0.304508;3.15089
0.151387;0.0326139;0.0640171;-0.292016;2.92289
0.148581;0.0337402;0.0651276;-0.266378;2.72164
0.103518;0.0966211;0.145176;-0.17806;2.68875
0.15073;0.0504069;0.101612;-0.252355;2.53801
0.14511;0.0141081;0.0257112;-0.223214;2.34051
0.100181;0.00926107;0.0115558;-0.141379;2.21069
0.100643;0.00962565;0.0120737;-0.134223;2.08854
0.105209;0.00308594;0.00400145;-0.132092;1.96044
0.14901;0.00161458;0.00295778;-0.17554;1.78786
0.141033;0.00271159;0.00471025;-0.151687;1.64089
0.152002;0.011735;0.0223114;-0.151686;1.51151
0.148556;0.0187012;0.0351673;-0.137861;1.40882
0.100091;0.00772461;0.00960475;-0.0851831;1.33324
0.100092;0.00343099;0.00423497;-0.0803219;1.25715
0.151322;0.00642904;0.0120587;-0.115236;1.15398
0.148474;0.00147461;0.00269102;-0.103041;1.05363
0.104579;0.00330729;0.00426438;-0.0663797;0.991511
0.144399;0.0125293;0.0226607;-0.0878674;0.926304
0.104413;0.000380859;0.000487893;-0.0580618;0.86873
0.101129;0.000247396;0.000306874;-0.052731;0.816306
0.100396;0.00334635;0.00414246;-0.0494218;0.771027
0.100244;0.000419922;0.00051648;-0.0464056;0.725138
0.152962;0.00941081;0.0179339;-0.0681969;0.674875
0.139174;0.00552409;0.00951481;-0.0571494;0.62724
0.148161;0.00219076;0.00399438;-0.0561144;0.57512
0.152142;0.000605469;0.00113055;-0.0526032;0.523648
0.100029;0.000852865;0.00104743;-0.0314907;0.493204
0.147806;0.00944661;0.0173965;-0.0452821;0.465319
0.104687;0.00668294;0.00867561;-0.0297726;0.444222
0.150318;0.022959;0.0440075;-0.0440338;0.444195
0.145081;0.0395443;0.0752876;-0.0452203;0.474263
0.147691;0.0195345;0.036573;-0.0452676;0.465568
0.100154;0.604232;2.45771;-0.175666;2.74761
0.180518;0.874085;12.0701;-1.60491;13.2128
0.159631;0.997002;16.5119;-2.84699;26.8777
0.160257;0.828939;9.10785;-3.46015;32.5254
0.247101;0;0;-4.82223;27.7031
0.159564;0.688857;5.41342;-3.17053;29.946
0.154642;0.998896;16.1028;-4.27264;41.7762
0.154557;0.901927;11.416;-4.93274;48.2595
0.164709;0.627471;4.42313;-5.20637;47.4762
0.155067;0.0272461;0.0542748;-4.42226;43.1082
0.161011;0.034528;0.0723225;-4.17154;39.009
0.159181;0.562669;3.31564;-4.04238;38.2823
0.159845;0.0323112;0.0669314;-3.67796;34.6713
0.156566;0.0298014;0.060204;-3.26266;31.4688
0.159528;0.842998;9.53867;-3.92511;37.0824
0.159958;0.033112;0.0687339;-3.56557;33.5855
0.160557;0.0705404;0.156929;-3.25056;30.4919
0.159263;0.866458;10.3615;-3.90386;36.9496
0.160503;0.0263281;0.0541987;-3.56354;33.4402
0.159399;0.0289811;0.0595217;-3.20389;30.2959
0.160801;0.0375293;0.0789166;-2.93059;27.4442
0.160937;0.0254167;0.0523814;-2.65513;24.8414
0.154414;0.0100326;0.0193208;-2.30331;22.5575
0.160722;0.00219401;0.00433945;-2.17571;20.3861
0.131152;0.00212565;0.00343029;-1.60447;18.785
0.107347;0.00228841;0.00302349;-1.21011;17.578
0.140592;0.00061849;0.00106723;-1.48288;16.0961
0.100134;0.000286458;0.000351839;-0.96708;15.1294
0.100612;0.000117187;0.000144586;-0.913327;14.2162
0.104948;0.000758464;0.000977154;-0.89524;13.322
0.149773;0.00319336;0.00589572;-1.19769;12.1302
0.144839;0.00261393;0.00466237;-1.05456;11.0803
0.147848;0.00030599;0.000554919;-0.982969;10.0979
0.148009;9.76562e-06;1.77322e-05;-0.896745;9.20114
0.152357;2.92969e-05;5.47596e-05;-0.841121;8.36007
0.147709;0.000559896;0.00101494;-0.741006;7.62008
0.152513;0.000725911;0.00135902;-0.697419;6.92402
0.14776;0.00152995;0.00277885;-0.614104;6.3127
0.151639;0.0015918;0.00296739;-0.574621;5.74105
0.103243;1.6276e-05;2.06152e-05;-0.355636;5.38543
0.153892;0.00046224;0.000872824;-0.497344;4.88896
0.138846;0.000211589;0.000360331;-0.407317;4.482
0.152248;3.25521e-05;6.0755e-05;-0.409431;4.07263
0.148304;0.000211589;0.000384877;-0.362428;3.71059
0.15153;9.76562e-06;1.81541e-05;-0.337361;3.37325
0.148053;0.000201823;0.000366489;-0.299685;3.07393
0.103815;0.000458984;0.000584659;-0.191508;2.883
0.144324;0.000276693;0.000489819;-0.249694;2.6338
0.10027;6.51042e-06;8.00857e-06;-0.158455;2.47535
0.15152;4.55729e-05;8.46683e-05;-0.225047;2.25039
0.148137;9.76563e-05;0.000177387;-0.200035;2.05053
0.107455;0.00299154;0.00396121;-0.132459;1.92204
0.147598;0.00180339;0.00327343;-0.170503;1.75481
0.1004;0.000270182;0.000332728;-0.10573;1.64941
0.151429;9.4401e-05;0.000175328;-0.149877;1.49971
0.147805;9.76563e-05;0.00017699;-0.133014;1.36687
0.100777;6.1849e-05;7.64059e-05;-0.0826537;1.28429
0.151476;1.95312e-05;3.62954e-05;-0.116727;1.1676
0.148473;0.000175781;0.000320092;-0.104043;1.06388
0.148136;0.0017513;0.00319018;-0.094843;0.972226
0.151744;0.000579427;0.00107903;-0.0886159;0.884689
0.140332;0.000745443;0.00128419;-0.0745984;0.811375
0.107944;7.48698e-05;9.90826e-05;-0.052556;0.758918
0.144351;3.25521e-06;5.76468e-06;-0.0657309;0.693193
0.10695;6.51042e-06;8.5421e-06;-0.0444826;0.648719
0.147924;2.27865e-05;4.13515e-05;-0.0575803;0.59118
0.140789;0.000429687;0.000742244;-0.0500017;0.54192
0.107146;0.00139648;0.00183883;-0.0349568;0.508802
0.144815;0.00425456;0.00760871;-0.0448704;0.471541
0.100011;0.00250977;0.00309055;-0.028481;0.44615
0.101029;0.00222331;0.00276432;-0.0272121;0.421702
0.102553;0.00107422;0.00135313;-0.0260314;0.397024
0.151914;0.00070638;0.0013172;-0.0363081;0.362033
0.148724;2.60417e-05;4.75146e-05;-0.0323101;0.329771
0.15106;0.00232096;0.00431551;-0.0302802;0.303806
0.14082;0.00128581;0.00222478;-0.0258571;0.280174
0.106366;9.76562e-06;1.27433e-05;-0.0178815;0.262305
0.145587;0.00119466;0.00213671;-0.0230996;0.241342
0.107199;0.0011556;0.00152174;-0.0156209;0.227243
0.140817;0.00106771;0.00184671;-0.0193559;0.209734
0.148132;0.00142253;0.00258974;-0.0188711;0.193452
0.152574;0.0275391;0.0540038;-0.0226533;0.224803
0.147491;0.0585938;0.117248;-0.0302696;0.311781
0.152188;0.0595085;0.123068;-0.0397073;0.395142
0.104194;0.338506;0.812156;-0.0754762;1.13182
0.143557;0.81917;7.87523;-0.775817;8.23124
0.119818;0.779525;5.68933;-1.00076;12.9198
0.100293;0.874193;6.70855;-1.18116;18.4472
0.148438;0.539339;2.81519;-1.89369;19.3687
0.151217;0.100739;0.22275;-1.77754;17.8139
0.100084;0.0871517;0.124477;-1.0772;16.8612
0.1001;0.0772363;0.108403;-1.01919;15.9504
0.100045;0.0358073;0.0467065;-0.960259;15.0368
0.103182;0.0409473;0.0555799;-0.934361;14.1581
0.144669;0.0220345;0.0405836;-1.23247;12.9662
0.148217;0.0242936;0.0460206;-1.15718;11.855
0.152497;0.0153516;0.0294643;-1.08741;10.7971
0.148086;0.0153906;0.0286869;-0.96189;9.86388
0.101213;0.0105111;0.013279;-0.599818;9.27734
0.105306;0.015485;0.020528;-0.587472;8.7104
0.140776;0.0239844;0.0431308;-0.739373;8.01415
0.100925;0.0142513;0.0180683;-0.486393;7.54583
0.105189;0.0200586;0.0267712;-0.477935;7.09467
0.152968;0.0130697;0.025064;-0.653455;6.46628
0.140814;0.0269108;0.0486515;-0.550437;5.96449
0.100058;0.0104362;0.0130323;-0.358858;5.61866
0.107577;0.012181;0.016403;-0.363721;5.27135
0.140442;0.0174805;0.0310113;-0.446804;4.85555
0.152178;0.0101725;0.0193113;-0.445109;4.42976
0.148442;0.01139;0.0211356;-0.396419;4.05447
0.151487;0.0121354;0.0230102;-0.370611;3.70687
0.148162;0.00478841;0.0087693;-0.330309;3.38533
0.104;0.00339518;0.00435411;-0.211516;3.17817
0.15133;0.00425456;0.00795099;-0.289293;2.89683
0.144704;0.00253581;0.00451822;-0.251902;2.64945
0.147707;0.00774089;0.0142043;-0.236065;2.42759
0.101544;0.00545573;0.0068555;-0.148322;2.28612
0.15094;0.00551107;0.0102947;-0.207973;2.08844
0.103669;0.00491536;0.00629995;-0.130296;1.96444
0.151123;0.00572917;0.0107191;-0.179095;1.79607
0.140823;0.00394857;0.00686322;-0.152336;1.6506
0.101525;0.00299479;0.00374671;-0.100774;1.55357
0.157512;0.00776367;0.0151923;-0.148259;1.4205
0.141029;0.00424154;0.00738691;-0.120824;1.30706
0.10411;0.00379557;0.00487613;-0.0819521;1.22999
0.155003;0.00704753;0.0135547;-0.115652;1.12789
0.14085;0.0166602;0.0296001;-0.0978195;1.05967
0.147778;0.0627962;0.126836;-0.105204;1.0813
0.100019;0.189427;0.326145;-0.0844634;1.32299
0.100111;0.616361;2.57532;-0.234157;3.66415
0.105749;0.400576;1.10762;-0.302765;4.469
0.146231;0.620817;3.82726;-0.727902;7.56836
0.148062;0.142035;0.331473;-0.701798;7.19803
0.152533;0.206279;0.559161;-0.709938;7.04725
0.147452;0.50457;2.42531;-0.838048;8.63451
0.148264;0.460788;2.02733;-0.948462;9.71338
0.151782;0.265413;0.802249;-0.957648;9.55798
0.14803;0.124115;0.280255;-0.873812;8.96442
0.158866;0.268486;0.854534;-0.935941;8.88301
0.141696;0.697738;4.9703;-1.17778;12.6755
0.147184;0.996667;15.2065;-2.46228;25.4197
0.160237;0.333252;1.21664;-2.56088;24.0755
0.247059;0.864954;15.9869;-5.93865;34.1237
0.160684;0.901442;11.8481;-4.43217;41.5396
0.160726;0.0757129;0.170164;-4.0223;37.6875
0.151756;0.0536816;0.109577;-3.44156;34.3555
0.160278;0.900576;11.7817;-4.43686;41.7003
0.155562;0.78819;7.62427;-4.60382;44.7207
0.160059;0.0373047;0.0780518;-4.30227;40.4965
0.100248;0.0135254;0.0170117;-2.43683;38.0767
0.100104;0.071097;0.0987107;-2.2929;35.8825
0.151779;0.598861;3.64724;-3.59987;35.9299
0.148298;0.854027;9.22655;-4.01796;41.1385
0.154369;0.970824;14.56;-5.15888;50.5396
0.124755;0;0;-3.78303;46.7565
0.160205;0;0;-4.49437;42.2621
0.160525;0;0;-4.07048;38.1917
0.155557;0.998975;16.2025;-5.07683;49.3174
0.160126;0.608548;3.99606;-5.12213;48.1913
0.166288;0.0239876;0.0509543;-4.81327;43.429
0.153606;0.89363;11.0146;-5.01772;49.4259
0.166005;0.762119;7.39494;-5.65954;51.1613
0.153962;0.00222982;0.00422501;-4.72652;46.439
0.148541;0.141846;0.33199;-4.16846;42.6026
0.15151;0.0168555;0.0322245;-3.87576;38.759
0.148177;0.921204;11.7226;-4.48813;45.9935
0.148271;0.994144;15.1833;-5.44243;55.7343
0.158478;0.974678;15.1523;-6.7404;64.1462
0.175449;0.757679;7.68898;-7.56203;64.2732
0.157597;0.967383;14.6849;-7.46615;71.4919
0.160077;0.91766;12.5054;-8.06764;75.9297
0.160518;0.364499;1.42031;-7.44964;69.9003
0.155377;0.889323;10.9715;-7.53935;73.3325
0.159913;0.613047;4.06115;-7.42573;69.9679
0.160118;0.893675;11.4834;-7.82508;73.6262
0.15973;0.780332;7.6069;-7.78522;73.4479
0.160241;0.0113607;0.0227557;-7.06379;66.4069
0.166749;0.652777;4.93444;-7.13767;64.2036
0.15917;0.785475;7.72412;-6.86924;65.0585
0.155954;0.0119271;0.0232737;-6.08987;58.9919
0.145959;0.174886;0.427591;-5.20369;54.2158
0.106855;0.837311;6.25941;-3.87724;56.598
0.160318;0.78361;7.72697;-6.18746;58.1375
0.155382;0.99805;16.1318;-6.92405;67.3452
0.153632;0.0862435;0.18878;-6.22523;61.3088
0.165888;0.998945;17.2768;-7.82183;70.7638
0.154159;0.911364;11.7761;-7.63454;74.9053
0.160577;0.225628;0.668063;-7.28122;68.2922
0.159461;0.067526;0.148404;-6.54815;61.8924
0.159887;0.848408;9.7484;-6.87267;64.7682
0.128109;0.901387;9.44423;-5.70434;68.508
0.14792;0.069235;0.141574;-6.09278;62.5568
0.104094;0.0320964;0.0432812;-3.90979;58.6903
0.147704;0.0254915;0.0482223;-5.20556;53.533
0.100045;0.0105013;0.0131133;-3.21422;50.3319
0.148133;0.00791016;0.0145609;-4.4748;45.8717
0.152512;0.00284831;0.00535173;-4.19809;41.6789
0.103693;0.000621745;0.000791239;-2.59314;39.0866
0.148631;0.00224609;0.00410857;-3.48604;35.6046
0.143205;0.000139974;0.000245828;-3.05928;32.5456
0.151934;0.0011556;0.00215677;-2.96707;29.5807
0.148052;0.000546875;0.000993558;-2.62777;26.9539
0.152391;0.000234375;0.000438082;-2.46455;24.4898
0.147566;0.000494792;0.000895921;-2.16839;22.3223
0.147878;0.00267904;0.00487933;-1.98102;20.3462
0.152672;0.00276042;0.0051912;-1.86425;18.4871
0.147956;0.00224935;0.00409593;-1.64153;16.8497
0.103825;0.000657552;0.000837981;-1.04971;15.8008
0.147516;0.0009375;0.00169821;-1.39867;14.4038
0.100059;3.25521e-06;3.99586e-06;-0.864738;13.5391
0.105865;3.25521e-05;4.22458e-05;-0.859993;12.6791
0.10252;0.000104167;0.000130951;-0.779925;11.8993
0.141706;0.00110026;0.00191513;-1.01189;10.8894
0.1025;1.6276e-05;2.04668e-05;-0.669699;10.2197
0.14717;0.000524089;0.00094646;-0.902506;9.31813
0.148244;0.000683594;0.00124394;-0.828927;8.49045
0.148233;0.00134766;0.00245483;-0.755359;7.73754
0.152336;0.00133138;0.00249225;-0.70745;7.03259
0.100483;0.000152995;0.000188541;-0.424004;6.60877
0.15423;0.000302734;0.000572713;-0.611616;5.99773
0.147848;8.78906e-05;0.000159329;-0.532067;5.46582
0.152048;0.0027832;0.00521291;-0.499116;4.97192
0.140608;0.00180664;0.00312407;-0.419719;4.55532
0.107576;3.25521e-06;4.29606e-06;-0.294026;4.2613
0.14067;0.000804036;0.00138857;-0.35978;3.90291
0.151919;0;0;-0.355755;3.54715
0.10007;0.00142904;0.00175755;-0.213084;3.33583
0.148026;9.76562e-06;1.77343e-05;-0.296276;3.03957
0.106731;6.51042e-06;8.52463e-06;-0.19465;2.84493
0.148861;0.000537109;0.000981155;-0.254187;2.59172
0.144865;0.000625;0.00111128;-0.225367;2.36747
0.147559;0.000211589;0.000382943;-0.209639;2.15821
0.100491;0.000110677;0.000136386;-0.130137;2.02821
0.107078;0.000123698;0.00016243;-0.130316;1.89806
0.14492;0.00375326;0.00671129;-0.165623;1.73914
0.105563;0.00141927;0.00184131;-0.11027;1.63072
0.149548;0.00807617;0.0150127;-0.147669;1.49806
0.151602;0.00535807;0.0100501;-0.137179;1.37093
0.148696;0.00336263;0.00616539;-0.122861;1.25423
0.100076;0.000511068;0.000627636;-0.0753488;1.17951
0.147419;0.00208659;0.00378467;-0.104664;1.07863
0.100101;0.000833333;0.00102418;-0.0648448;1.01481
0.1;0.000598958;0.000735107;-0.0609331;0.954615
0.100351;0.000185547;0.00022837;-0.057492;0.897351
0.152192;0.000364583;0.000680714;-0.0820039;0.816028
0.150068;0.000302734;0.000557257;-0.0735258;0.74306
0.138387;0.000182292;0.000309401;-0.0617236;0.681645
0.107006;0.000143229;0.000187961;-0.0437761;0.638057
0.100076;0.000227865;0.000279698;-0.0383293;0.600008
0.100234;6.51042e-05;8.00572e-05;-0.0360895;0.563998
0.144288;0.00205078;0.00364051;-0.0491419;0.518497
0.106849;0.00515951;0.0068185;-0.0336775;0.491638
0.100267;0.0277018;0.0357092;-0.0317252;0.495622
0.148476;0.0289844;0.0554497;-0.0490927;0.501979
0.147986;0.0251595;0.0476577;-0.0488032;0.500833
0.144261;0.0152767;0.0277336;-0.045751;0.482816
0.107088;0.00681315;0.00904954;-0.0316037;0.460262
